$ANSIBLE_VAULT;1.1;AES256
35313832636465353239353263353338313061396332623833653331353234316565613338383836
3165336661323337613662383135626136363164386633380a363134353765613038346262633636
34396231323831346637326265623631666638373634313233323961333261303730613937343935
6333666232396162630a363334393463646638393466666131333661333632623937333030643864
38393335383535396262633035306634323861646334653934633865346166363265646230313035
38306230343839383764636662663761626237323362666436363161313263653766373833376361
32663032636365363737363939633938643335633638353631366262613339353839653035653064
63633734643133613961623937366166383830626161393736346266636238613031613732356339
36396463373239653634663931343462636464636466346136316264343330373264643339623633
66613734626233303732373963386438323031313064326431326533623332396137353334663136
64666532663362623034383438663565643865376663303664333361633665343961376339353163
66373533623565306535393130343966393738313437396662663464643231336230643765626164
36313237643337666431396232393130376161386136313135343732306562383738613636373164
36666531366430343131663934656433386438373139353835623036623037383233356361313634
65326632323765333464333738643430653564333038343862393964653964636539323939303461
35393135663465396230656339643134356262323639653631653264353666366366396134343332
30636337323061383466333437633963313061363138653232383062616537646338323030623031
63303332613062663131653239636564633963313834353231613736636562313239313036323033
33633034363266313366313763393738383436323261633563343635323436663563343430646134
35623534666439313062363331343463313835363836303939613539393538313331643330323962
31383264626333643766656336396236663061353165643033653430326638633537316264303330
36663431396439346136623839633637313063633339323032366530316134663666353265363832
36386531383465363663653834316134306365623237386465643461643162653165356338653565
66653163616634346164626633653537646462333437383966323533326165373361343464366463
63343362643465363737666333376565663865376564653533363633653066383832386465666339
6562626438343834343362643037633839623132636566303031
